254233
254330
254439
254473
254519
254613
254680
254864
254918
254950
255002
255010
255059
255074
255205
255395
255405
255436
255484
255549
255595
255683
255684
255728
255829
255877
255915
255947
255979
256096
256103
256115
256147
256221
256295
256321
256364
256447
256450
256517
256591
256774
256784
256808
256927
256968
256969
257020
257041
257056
257100
257162
257200
257223
257254
257271
257275
257300
257404
257506
257609
257611
257705
257793
257863
257928
257966
257978
258068
258077
258153
258179
258203
258256
258285
258294
258473
258503
258522
258554
258585
258636
258662
258693
258962
259014
259026
259125
259152
259170
259173
259237
259256
259262
259327
259336
259347
259431
259436
259455
259475
259481
259511
259568
259582
259625
259738
259754
259780
259805
259814
259823
259862
259870
259894
259896
259987
260177
260212
260242
260255
260256
260360
260365
260447
260503
260610
260678
260809
260851
260858
260872
260875
260898
260919
261014
261030
261108
261110
261163
261175
261193
261216
261217
261250
261366
261423
261430
261610
261621
261657
261669
261740
261758
261825
261845
261864
261884
261972
261985
262022
262055
262061
262101
262163
262240
262241
262270
262375
262446
262475
262486
262520
262548
262563
262581
262588
262599
262622
262627
262672
262743
262754
262780
262825
262858
262894
262964
262969
262971
262981
263012
263022
263032
263071
263144
263244
263274
263281
263344
263513
263554
263590
263591
263632
263638
263822
263869
263878
263980
263987
264048
264107
264122
264138
264172
264234
264248
264272
264285
264289
264322
264403
264448
264518
264567
264641
264647
264801
264805
264919
264935
264962
265127
265174
265243
265287
265373
265402
265411
265459
265552
265577
265618
265719
265753
265754
265781
265815
265901
266033
266050
266059
266066
266112
266124
266157
266191
266207
266255
266305
266309
266311
266369
266381
266416
266466
266470
266531
266572
266576
266603
266624
266687
266694
266746
266833
266875
266922
266931
267090
267146
267151
267167
267193
267215
267260
267269
267332
267333
267345
267429
267437
267446
267472
267488
267510
267599
267616
267665
267671
267727
267747
267827
267853
267937
268049
268077
268082
268111
268173
268282
268299
268306
268377
268461
268508
268518
268529
268566
268598
268644
268696
268765
268812
268900
269108
269119
269170
269185
269200
269202
269239
269288
269337
269389
269449
269478
269610
269621
269713
269745
269746
269767
269779
269809
269828
269852
269892
270023
270107
270135
270241
270380
270423
270499
270557
270631
270648
270699
270721
270738
270751
270800
270930
271105
271112
271172
271184
271204
271277
271356
271360
271387
271447
271565
271583
271588
271689
271694
271730
271900
272042
272167
272171
272215
272325
272363
272377
272418
272485
272507
272510
272523
272586
272626
272651
272666
272667
272730
272735
272782
272813
272831
272868
272915
272997
273040
273050
273067
273068
273193
273260
273285
273343
273356
273358
273648
273669
273811
273908
273913
273921
274084
274110
274142
274172
274173
274206
274223
274319
274350
274389
274458
274550
274566
274609
274665
274682
274701
274703
274706
274758
274785
274796
274866
275016
275023
275025
275049
275117
275128
275237
275415
275494
275582
275616
275618
275649
275753
275759
275787
275834
275989
276099
276197
276208
276214
276219
276339
276420
276457
276599
276755
276814
276883
276952
276986
277001
277033
277066
277134
277149
277198
277206
277221
277229
277283
277289
277357
277362
277368
277386
277452
277496
277521
277540
277563
277585
277676
277705
277757
277766
277780
277866
277912
277997
278010
278127
278133
278142
278150
278191
278198
278264
278276
278287
278309
278362
278469
278471
278479
278486
278552
278563
278570
278590
278678
278720
278741
278749
278782
278784
278792
278803
278808
278867
278918
278947
279072
279074
279129
279163
279227
279232
279273
279293
279306
279326
279328
279351
279499
279544
279565
279567
279591
279656
279668
279733
279735
279742
279774
279788
279802
279824
279839
279877
279928
279990
280111
280132
280176
280208
280210
280227
280286
280294
280307
280317
280359
280403
280451
280497
280508
280565
280585
280638
280686
280688
280698
280743
280768
280779
280798
280820
280875
280920
280981
281026
281052
281073
281104
281157
281174
281189
281209
281238
281296
281315
281333
281337
281353
281358
281381
281436
281450
281553
281560
281577
281580
281625
281652
281689
281720
281738
281779
281870
281876
281956
281965
281999
282002
282010
282023
282058
282081
282139
282158
282166
282169
282244
282327
282364
282419
282511
282531
282554
282561
282599
282606
282613
282618
282656
282670
282700
282783
282917
282954
283022
283025
283027
283051
283142
283153
283176
283207
283241
283251
283255
283299
283304
283314
283332
283446
283519
283602
283632
283668
283676
283679
283748
283752
283759
283920
283989
284087
284110
284130
284159
284198
284221
284294
284358
284366
284372
284438
284443
284452
284482
284497
284509
284511
284539
284540
284546
284574
284588
284710
284786
284796
284821
284878
285018
285027
285060
285213
285241
285253
285414
285434
285440
285500
285520
285530
285576
285586
285598
285607
285615
285616
285638
285676
285714
285727
285728
285772
285834
285886
285888
285966
286033
286074
286118
286134
286146
286189
286271
286335
286382
286385
286437
286459
286488
286602
286635
286667
286688
286715
286723
286760
286789
286937
286956
286993
287000
287020
287089
287112
287196
287203
287387
287554
287611
287692
287838
287860
287875
287877
287957
288026
288082
288185
288205
288228
288229
288269
288300
288307
288309
288317
288374
288405
288423
288428
288435
288438
288449
288451
288576
288594
288618
288656
288664
288697
288749
288793
288806
288822
288851
288868
288915
288928
288972
289001
289059
289081
289105
289139
289147
289190
289233
289334
289390
289429
289441
289448
289493
289553
289672
289677
289681
289685
289701
289777
289793
289804
289826
289951
290016
290039
290089
290102
290172
290181
290190
290235
290268
290275
290290
290424
290429
290431
290502
290505
290522
290551
290553
290588
290629
290656
290711
290716
290725
290762
290763
290768
290784
290825
291042
291085
291087
291123
291156
291169
291233
291241
291249
291363
291452
291477
291600
291610
291643
291652
291707
291722
291748
291751
291789
291861
291873
291964
292064
292093
292141
292160
292188
292247
292274
292291
292307
292364
292375
292396
292410
292492
292561
292574
292833
292950
292982
293012
293137
293143
293275
293344
293362
293421
293559
293664
293879
293880
293979
294056
294079
294084
294147
294190
294204
294258
294373
294391
294400
294465
294499
294533
294588
294627
294629
294640
294655
294737
294753
294866
294879
294891
294980
295000
295051
295063
295127
295146
295152
295168
295210
295278
295327
295365
295496
295544
295549
295562
295569
295588
295596
295609
295625
295636
295745
295775
295782
295807
295815
295838
295856
295884
295903
295956
295980
295988
296047
296076
296078
296100
296182
296216
296310
296365
296455
296480
296487
296495
296505
296533
296593
296662
296720
296795
296890
296980
296981
296984
296992
297021
297025
297031
297035
297038
297103
297148
297188
297207
297208
297244
297271
297312
297313
297319
297340
297390
297412
297440
297578
297643
297699
297760
297766
297786
297845
297909
297912
297922
297977
298007
298032
298083
298156
298157
298166
298213
298226
298258
298309
298321
298420
298516
298545
298556
298561
298604
298618
298685
298735
298742
298746
298885
298970
299041
299061
299072
299109
299119
299138
299153
299210
299247
299254
299270
299316
299352
299463
299514
299592
299632
299635
299656
299760
299771
299873
299889
299913
299914
299936
300092
300145
300166
300168
300398
300458
300609
300623
300704
300829
300889
300970
300971
300973
300994
301027
301161
301214
301266
301268
301296
301318
301552
301693
301751
301828
301865
301867
301869
301923
301954
302004
302065
302116
302118
302160
302276
302406
302608
302617
302714
302719
302727
302730
302733
302794
302910
302948
302976
303059
303132
303144
303206
303219
303240
303257
303268
303289
303331
303341
303355
303368
303405
303421
303424
303476
303557
303575
303836
303911
303924
303972
304025
304119
304150
304163
304195
304242
304265
304535
304570
304579
304617
304664
304672
304677
304749
304764
304810
304817
304831
304858
304868
304895
305035
305072
305084
305141
305145
305240
305247
305249
305278
305314
305330
305332
305364
305430
305652
305666
305692
305714
305721
305758
305816
305887
305958
305966
306119
306123
306134
306135
306314
306364
306389
306397
306449
306511
306516
306542
306710
306713
306721
306882
307006
307142
307148
307225
307343
307347
307439
307547
307745
307766
307817
307871
307876
307926
308052
308124
308130
308216
308222
308234
308268
308329
308336
308432
308551
308570
308609
308741
308744
308765
308808
308812
308849
308924
308950
308987
309048
309055
309142
309143
309370
309387
309470
309560
309605
309612
309628
309651
309670
309755
309885
309886
309910
309963
310042
310061
310094
310115
310122
310170
310196
310210
310361
310391
310488
310582
310618
310622
310648
310813
310861
310865
310875
310907
310927
310935
310982
310998
311007
311020
311071
311091
311115
311133
311213
311347
311375
311479
311533
311561
311739
311781
311842
311867
311894
311928
311955
312119
312254
312266
312272
312324
312435
312437
312456
312470
312516
312700
312734
312746
312796
312800
312883
312894
312905
312913
312954
312976
313007
313040
313043
313110
313190
313212
313257
313270
313303
313321
313333
313363
313397
313414
313425
313432
313474
313510
313545
313564
313629
313633
313863
313880
313964
314032
314057
314063
314080
314121
314140
314212
314323
314433
314522
314731
314742
314776
314802
314819
314851
314854
314877
314890
314892
314916
314939
314941
314965
314984
315111
315158
315166
315191
315228
315269
315296
315336
315418
315536
315551
315626
315670
315695
315714
315721
315792
315825
315826
315835
315964
315986
316016
316082
316139
316149
316190
316233
316326
316331
316382
316427
316437
316479
316581
316755
316771
316785
316829
316835
316889
316907
316955
316971
317011
317053
317059
317214
317216
317242
317336
317365
317372
317395
317465
317493
